1
18 0
5 5
0 0
wfwf
wgrwf
3
2
1
0
2 2 2 2 2 2 2 2 2 2 2 2 2 
2 2 2 2 2 2 2 2 2 2 2 2 2 
2 2 2 0 2 2 2 2 2 2 2 2 2 
2 2 0 0 0 2 2 2 2 2 2 2 2 
2 2 2 -2 2 1 2 2 2 2 2 2 2 
2 2 2 2 2 2 2 2 2 2 2 2 2 
2 2 2 2 2 2 2 2 2 2 2 2 2 
2 2 2 2 2 2 2 2 2 2 2 2 2 
2 2 2 2 2 2 2 2 2 2 2 2 2 
2 2 2 2 2 2 2 2 2 2 2 2 2 
2 2 2 2 2 2 2 2 2 2 2 2 2 
2 2 2 2 2 2 2 2 2 2 2 2 2 
2 2 2 2 2 2 2 2 2 2 2 2 2 
32 32 49 32 50 32 51 32 52 32 53 32 54 
32 32 32 32 32 32 32 32 32 32 32 32 32 
49 32 -2 -51 -2 32 -2 32 -2 32 -2 32 -2 
32 32 -70 -78 -70 32 32 32 32 32 32 32 32 
50 32 -2 -51 -2 -51 -2 32 -2 32 -2 32 -2 
32 32 32 32 32 32 32 32 32 32 32 32 32 
51 32 -2 32 -2 32 -2 32 -2 32 -2 32 -2 
32 32 32 32 32 32 32 32 32 32 32 32 32 
52 32 -2 32 -2 32 -2 32 -2 32 -2 32 -2 
32 32 32 32 32 32 32 32 32 32 32 32 32 
53 32 -2 32 -2 32 -2 32 -2 32 -2 32 -2 
32 32 32 32 32 32 32 32 32 32 32 32 32 
54 32 -2 32 -2 32 -2 32 -2 32 -2 32 -2 
